
(b,0,0,0,10,7800, 0.008446,0.00023130,2.06e11)
(b,10,0,0,10,7800, 0.008446,0.00023130,2.06e11)
(b,20,0,0,10,7800, 0.008446,0.00023130,2.06e11)
(b,30,0,0,10,7800, 0.008446,0.0002313030,2.06e11)
(b,40,0,0,10,7800, 0.008446,0.00023130,2.06e11)
(b,50,0,0,10,7800, 0.008446,0.00023130,2.06e11)
(b,60,0,0,10,7800, 0.008446,0.00023130,2.06e11)


(b,5,2.8,0,10,7800, 0.008446,0.00023130,2.06e11)
(b,15,2.8,0,10,7800, 0.008446,0.00023130,2.06e11)
(b,25,2.8,0,10,7800, 0.008446,0.00023130,2.06e11)
(b,35,2.8,0,10,7800, 0.008446,0.00023130,2.06e11)
(b,45,2.8,0,10,7800, 0.008446,0.00023130,2.06e11)
(b,55,2.8,0,10,7800, 0.008446,0.00023130,2.06e11)


(b,0,0,29.25,5.73,7800, 0.003877,0.00001673,2.06e11)
(b,10,0,150.75,5.73,7800, 0.003877,0.00001673,2.06e11)
(b,10,0,29.25,5.73,7800, 0.003877,0.00001673,2.06e11)
(b,20,0,150.75,5.73,7800, 0.003877,0.00001673,2.06e11)
(b,20,0,29.25,5.73,7800, 0.003877,0.00001673,2.06e11)
(b,30,0,150.75,5.73,7800, 0.003877,0.00001673,2.06e11)
(b,30,0,29.25,5.73,7800, 0.003877,0.00001673,2.06e11)
(b,40,0,150.75,5.73,7800, 0.003877,0.00001673,2.06e11)
(b,40,0,29.25,5.73,7800, 0.003877,0.00001673,2.06e11)
(b,50,0,150.75,5.73,7800, 0.003877,0.00001673,2.06e11)
(b,50,0,29.25,5.73,7800, 0.003877,0.00001673,2.06e11)
(b,60,0,150.75,5.73,7800, 0.003877,0.00001673,2.06e11)
(b,60,0,29.25,5.73,7800, 0.003877,0.00001673,2.06e11)
(b,70,0,150.75,5.73,7800, 0.003877,0.00001673,2.06e11)

(n,0,0,1,1,0) 
(n,70,0,0,1,1) 
(n,20,0,0,0,0)
(n,35,0,0,0,0)
